0.8589322619084373
0.08280787295428027
0.3112959619923755
0.7930151166517204
0.4551772796521194
0.17894591171216911
0.518729732681805
0.6722299426109587
0.4274681926916124
0.13761555916590673
0.6527183839137439
0.34085235063511576
0.8275633323732626
0.8887646311165873
0.5955305519551283
0.01819272315283582
0.03568692647077765
0.6045318757791021
0.15875104957313124
0.02570809654170536
0.48702542796766024
0.49988726508434644
0.976743298283457
0.5519296398491155
0.39079396776859887
0.8321179178883049
0.3243375514887967
0.4791662777788457
0.08277239627395083
0.09674909102434681
0.43372669623192994
0.5981866769667128
0.34068702386267913
0.2075282540499026
0.3396526857210709
0.7177465653887708
0.4615410114837245
0.26938971377446996
0.01731870385745582
0.8877412713258794
0.15097268449808965
0.4058556529628352
0.5940630595558648
0.197928548468307
0.306947709911208
0.9861195208979748
0.7136831902033212
0.3885801145652358
0.5935675527456923
0.5120956023615907
0.7113987865976302
0.8150845696167605
0.29550323935382194
0.3720087961972979
0.11779563163367113
0.1454386415051988
0.31954008474787143
0.64463663991029
0.1516923379549029
0.5377274361218105
0.3669456726334278
0.14710577386692292
0.28472435203906166
0.9441086183479567
0.23884937001626183
0.9591828027339188
0.6645410689616954
0.6184795044405875
0.9565490842785229
0.728290083345051
0.1688632247219607
0.8669200395611748
0.8796371323748344
0.16201449104688648
0.1292494528649697
0.5731689538049953
0.2870630919692009
0.24866759161425678
0.31127251745558915
0.05580369502951721
0.9497293098727965
0.911493866250454
0.5669073248546169
0.36946005198226195
0.06794019662668738
0.9984129961533131
0.6852838059755627
0.24934028104504213
0.5730032776938282
0.7367212950260489
0.3595605329446242
0.5164230874587463
0.19950712859765074
0.04096651056649547
0.8605251233076618
0.9102029904152622
0.9232769606274058
0.35224880333381536
0.9616299638057302
0.9964505997146328
0.3297359193704571
0.008490720421068354
0.8955231270079593
0.00939898587334942
0.22837629400950532
0.49775686557890486
0.6387355263227628
0.23092614065108474
0.3612716289798892
0.3304940034733279
0.6190378184192841
0.7837167740256634
0.3670371679397251
0.681600962241431
0.019080949218251986
0.5210515655381381
0.25637261990085203
0.39952664396796755
0.2102867077789573
0.032785204396047374
0.5312979933071581
0.457133955561112
0.4925560872742214
0.655239392018711
0.7374195103754614
0.4278559979382379
0.23821414554629605
0.7721505818108481
0.6770393001035342
0.11071050050568954
0.7427126595489751
0.6244763074933976
0.7306494057791932
0.9990268615434094
0.569962497717983
0.3087782201811333
0.7353265438088646
0.8902799652972377
0.9467697490423355
0.6370640281452942
0.6507714441129435
0.5682134068215889
0.8087011313689559
0.05538426282438991
0.8072124185694012
0.153474011670228
0.4288053969880803
0.8741440891184259
0.8741198742470665
0.4152688741473042
0.17096965721891821
0.6500046710768809
0.8146548007990785
0.06409480994656436
0.8012904498636821
0.677412240117801
0.9980009637745603
0.8043791697050668
0.9636914178138655
0.19720706477791428
0.3302068081887657
0.7159106873019642
0.8801208805373897
0.11042936122078628
0.7338901860674681
0.35422683293981105
0.07101380968376136
0.6973518767929471
0.5581349561934656
0.8126649384397407
0.9083050918200398
0.08493458061841164
0.532135528908246
0.8725714105367115
0.11113142061517611
0.9803092129619331
0.689621800124239
0.283204395880687
0.873461999158548
0.4935672334048161
0.28582350095003684
0.15915267953953327
0.173248339432023
0.7100373655497766
0.10470945469692516
0.4606337945589212
0.9542865870029813
0.04040370821189154
0.7114640881595332
0.5308227785117604
0.29483589509468844
0.27642951314633313
0.14363979056857057
0.7044022969643928
0.3811389367498357
0.7107153663219207
0.2541505286912128
0.07281372660255858
0.08934201114733653
0.6408347115550111
0.4202482138036957
0.5942283848852676
0.2459130259126513
0.07135416865113253
0.6148507916459798
0.8700462329596266
0.1845085887858775
0.4516593733412885
0.900066552129831
0.07476944673798347
0.04634152739058639
0.843171785455038
0.24748635249151385
0.7223865222201501
0.38145287360838076
0.9964556758563249
0.21579194647387223
0.1799421398783273
0.9998930798494368
0.4368786527851177
0.42345494943168305
0.09775689225739981
0.6946694055849385
0.8069029836482758
0.9427776367171338
0.21579992393655023
0.41241774399565945
0.3937493540447504
0.7112535169993518
0.32700679696941126
0.6831084402535341
0.9830885090096517
0.8072018770589773
0.5308740159332238
0.6366977043537566
0.9225802914850552
0.9688572584536221
0.2944502373425142
0.7324875077341473
0.5534937510587418
0.049571369115796404
0.25288393225085837
0.40605852154564337
0.9743061526484061
0.19651146303777178
0.12797588849769892
0.19899194541358511
0.437092497519195
0.4162155897062634
0.6207238905697244
0.5781981064410663
0.5456813377659684
0.8475922308446036
0.6426364984612293
0.57452091443108
0.8239670711568069
0.5014277383479461
0.7906314082062561
0.5743888627387265
0.15343236882927602
0.4451920333426356
0.5416231742542036
0.08363507109326929
0.040848821104441324
0.4129092551109087
0.24544415389563679
0.04920992347801434
0.6702880498392281
0.602086980115003
0.6285314263185996
0.3723621723805982
0.21798920575801028
0.9831736711063062
0.18585163532610716
0.5759651441078483
0.9642931232810421
0.7917413547860517
0.5348249072494716
0.19901679412434525
0.32376763883779436
0.9995660344504287
0.5325475484985982
0.38294363605149173
0.03281187195357471
0.4680061640276254
0.7164030825514844
0.287190448466887
0.383442512353252
0.17555465000826487
0.41818937866980754
0.425678630053712
0.5726279848962562
0.38116788101821464
0.7231792983806746
0.7510684654489199
0.9484514116034075
0.8359506679518844
0.2980713397226451
0.3303612669846393
0.17754677146359799
0.18800322572671735
0.9955751487134971
0.7532296645659359
0.13266694340154794
0.5387124457022225
0.05841695114952117
0.9935653363546895
0.604906258357357
0.7034968562979761
0.6918377931685625
0.3050852779952129
0.7820144534266368
0.1059904343564031
0.7511975704604027
0.8734393590492313
0.8024029034890294
0.3918777617577759
0.3000862098795103
0.3701131736873634
0.5938577037128893
0.7870691341895755
0.8343828598261447
0.2575221164937488
0.636638901067012
0.9446307758290521
0.03899260996132703
0.6800438474742804
0.2525588532351427
0.5258622950164941
0.046529810242826986
0.04233810471456623
0.5147965212084596
0.043139426760086974
0.3010055418609412
0.9241542994427492
0.8976191776799126
0.5556174515163981
0.2946163839839899
0.8099288888460167
0.34084648082192004
0.653616356691928
0.6420205321547922
0.2218260476587287
0.4908064019731947
0.7934863343848725
0.18402589943759962
0.23647682909853973
0.49769607963341733
0.4519777415326445
0.071404962447558
0.0385235211514382
0.8986752381170928
0.7576172101633424
0.0695887331846965
0.11817729529962151
0.796683494605037
0.22631752018256213
0.6462829767806761
0.9553492119021265
0.7568870987638819
0.9794253851360784
0.7565871728439152
0.54951568455987
0.5858246744238403
0.3546383632669917
0.6239870819519384
0.9523316116798197
0.43273560143132916
0.13369821671800886
0.23063015200102277
0.03910545603368709
0.4582187877259063
0.7054947953398193
0.676582332012343
0.11560245502995659
0.6522836028198806
0.35919091987727925
0.04530367839592009
0.5982435196785707
0.2520186592827476
0.5592056018801508
0.9213696475827733
0.9286191974006606
0.6085185644000543
0.49236920654205163
0.2465034557182555
0.08733906632263932
0.28337240858521995
0.397290927594798
0.7712743773235282
0.5575893316689435
0.6169320855881942
0.1869552616023208
0.962355905064867
0.35537218339499355
0.0037425238864966515
0.6577910855900899
0.8590262722196588
0.7912524646010092
0.6349299958969926
0.14193316051146576
0.03763375113407652
0.9575386640034703
0.5230086084909665
0.8041226999926323
0.53903727058778
0.545176689453727
0.2114793564689964
0.910669956426832
0.3415726101780491
0.4862368545255077
0.6897600696035322
0.3051287768994073
0.7208833166213799
0.09072522840550801
0.6833984569057012
0.013808832466703724
0.6279944691167588
0.8005532538704766
0.6701850684825533
0.3739789893385086
0.038296409214615856
0.4188498437707501
0.6846961801521901
0.3285904352642559
0.07664490261670909
0.6894027915355871
0.21696178614407435
0.5635761229203912
0.6075730964310383
0.3988671183459551
0.28536678409701766
0.9772585842301678
0.8946495226571747
0.7534801176341149
0.06955846492161155
0.5661252435324138
0.8793058433252344
0.6423739026760089
0.3260467930222628
0.18720691228874098
0.6069966489481465
0.5411782716023077
0.17734845149249323
0.8145216157129405
0.3373432873181531
0.2324581115451131
0.7649396377815163
0.8455222972230814
0.9149518660860999
0.22363080199339935
0.6869462471896137
0.7332138958048748
0.04888580138352283
0.7283613537453736
0.10341481979711542
0.7205815872401189
0.25131109073331637
0.34403375621915633
0.8851711562880407
0.7361984422603798
0.3196225953129628
0.10574927195373351
0.20668758793167807
0.5733577853648324
0.41139817978533166
0.4264035455921553
0.5390445753382408
0.3198013789553642
0.9578164698433931
0.5427460991219932
0.08598535943286512
0.6310919802076151
0.8887135910535298
0.4789273354972181
0.3242272683662051
0.8479044848534891
0.9012427146846668
0.21188976269602366
0.4586072688871967
0.14598723986821105
0.7941398964594563
0.6770617499783641
0.2833026933639785
0.8772711062940188
0.21088809386767304
0.4881634246707266
0.15228315833823558
0.011580689464935068
0.4876109349393539
0.761536443712159
0.5053129558588751
0.12062853032171772
0.6853164616049012
0.23326010917181206
0.6702378188102587
0.6594500710089908
0.3011503976049139
0.936418800040398
0.46795334322617377
0.39516285887092883
0.5996071681505517
0.06623641732965702
0.48336738498859666
0.7089111774759549
0.9821865056988738
0.30239573433829525
0.7338317994667376
0.15408278496912842
0.3227722251574763
0.7807116607613493
0.8659336113413767
0.09236191590185605
0.7360485515397147
0.11042922646956832
0.9421996293904821
0.44890840762964246
0.8175590829220303
0.31876864439417885
0.34118240244262443
0.6289300395564326
0.9965520449504753
0.3709413902412336
0.28755962056377726
0.42014150895056024
0.27654460903450884
0.9617123926937772
0.05329318259823046
0.2690799091402216
0.3035783769269671
0.6036858898740196
0.9265579390169365
0.6639732885285001
0.3984269494628956
0.6478429978761054
0.6320647548284192
0.48283536031096863
0.9165554077642803
0.7634613996425019
0.004565741200717954
0.07268607556181039
0.058421375677656706
0.5773988916170694
0.3667444652762224
0.5142742386516875
0.04274512236486383
0.6268236708317085
0.24335729777224535
0.9964049764989567
0.3766664933715064
0.5148267858941876
0.7554065987670798
0.474951359010891
0.8092447375953287
0.17495241625436153
0.2812902662254704
0.8238561052665501
0.43854667051271357
0.4485345472211907
0.7462862627955228
0.4989058899115809
0.35760741186583545
0.7578291666935681
0.20739485579251793
0.32978718256941186
0.17083752967245602
0.5182831679535882
0.23747528916109129
0.43190936116596934
0.6899888002381869
0.07488252558196729
0.980777797302521
0.38670706934074506
0.12758031021072758
0.37037416598130823
0.6513858964393806
0.7776107498779391
0.14572577659983854
0.25725683472111205
0.6767476304562855
0.8886004604190615
0.18959143117124133
0.3507887329486383
0.6503890969957834
0.8732348504207961
0.6372535736605295
0.58686062519803
0.7510672882586179
0.9842738490445193
0.43151361926338194
0.19643464194260718
0.3100331819458906
0.5174898396799341
0.024267416439586076
0.6373512313811911
0.7637405283195605
0.9679890553065453
0.6603148806275836
0.13465743595571145
0.31624942423231006
0.5233409807554483
0.2550351756720822
0.8722116515801821
0.2537381833157841
0.42504077931268425
0.37914124117793235
0.5511719602181923
0.002950638695670138
0.9183058325219327
0.15376709445017034
0.9850757277775126
0.7060706536635147
0.47993400282397225
0.18043000360494754
0.6365706479470559
0.29642907620789427
0.7649281690108168
0.9829489133620862
0.5174584954266527
0.8026128605634026
0.2448179310947749
0.8221893340736318
0.6715645257494952
0.8829599836495098
0.8240858940560942
0.15954449959920836
0.5390471573265387
0.39808780679722866
0.8158324700257416
0.49135065102826114
0.8611136089982293
0.16601682251133687
0.5337900583112469
0.7539746554709634
0.42570973373232235
0.9126152242071778
0.41502350568472124
0.008100053822099218
0.8776025565588669
0.8295047535738046
0.026130658958991138
0.6507776381032513
0.020376909767825135
0.08223122426957508
0.5254833463827415
0.9750949283073828
0.5232179944164923
0.07341822398204656
0.1550256214164928
0.49985849044327635
0.711953946034959
0.25878560205716794
0.11737252730467085
0.1254721384671118
0.17168389167164155
0.8383293163240872
0.7574295150756062
0.8372326184889095
0.21741835975009027
0.7006226131443031
0.3124791069136664
0.37355394867457536
0.8995108396593193
0.5851127779866578
0.6206576200698227
0.0041705286009540155
0.10226014544505801
0.5454518961008231
0.08497191589934905
0.3221578993976303
0.4669159976408376
0.44631411472447124
0.8784822323836097
0.7436495695983714
0.324420324519213
0.4068154420854174
0.8460038655370661
0.23041698209933992
0.5585696079761908
0.8155671510052346
0.808657159571953
0.6030190347012966
0.3368844213168334
0.7855570234139325
0.009821619765990497
0.6960163436025716
0.944324240729718
0.6914670163831322
0.2545266015017884
0.521784967210798
0.5340868859842821
0.7377004072964687
0.8890377900074814
0.5557526943068046
0.47008361684050415
0.342304893407835
0.1433747781650675
0.23342077912105175
0.07728287551674695
0.49014244624380465
0.5167221134936473
0.7583226579753297
0.03896635769698664
0.10807107491763424
0.824172580931529
0.36011007870695066
0.38404349520531456
0.9455672893805892
0.24296764746766697
0.21324666216418464
0.9929216965117319
0.4061321074302122
0.1973774230264097
0.3293277045241084
0.8170308746413176
0.2679881861454517
0.2035881941566483
0.8698338694035284
0.5549531177340397
0.2569885610290672
0.8594425283482584
0.4911656971404048
0.3572092773462531
0.9903228509439893
0.008603622177933201
0.5300952771940206
0.24210596896911984
0.8965196569445197
0.7346919759731212
0.06530972174829519
0.2966484319196955
0.3354088527842013
0.24816877028840423
0.14951065829226384
0.40937555553388194
0.2911209877535159
0.91721771710852
0.7965730976601246
0.23607554454382562
0.6918651847248445
0.6636025171813155
0.6295557019380706
0.3346920377895668
0.6221414198361209
0.6954548296894258
0.4478938062746357
0.9223319199666765
0.43620617169247367
0.08117327693491005
0.35589572040161155
0.5051379931807456
0.05602571848672511
0.982091190126749
0.5097013578454311
0.710890717857942
0.5426142365760928
0.4562969897272835
0.9861521697444968
0.014555372902850361
0.36656890336146764
0.6219679093569316
0.7545594623342861
0.6885920026274499
0.6717774968906635
0.6258040238839498
0.24114804369904175
0.23269766297369698
0.2256886436919019
0.3006267201537475
0.5159907811830404
0.7417512932251781
0.6801985256538835
0.6159311855324393
0.703538620527768
0.1560838976747776
0.22912208092601882
0.026160670301472955
0.8203902044758684
0.10479785296930244
0.7413807479563813
0.6036949911600631
0.8777336590202938
0.10071043199533103
0.9734530976540079
0.4070241223260207
0.7509326099506892
0.1745991419879922
0.5202982182738705
0.8793026303171729
0.015017396829795082
0.6467769198792932
0.7508764577327766
0.19845864535119861
0.6723815408809359
0.6256275158592493
0.09255561507986265
0.4072567365091482
0.4577725143614165
0.9955827997889066
0.6781050674346047
0.840190807227264
0.19570507966141093
0.11112524285721936
0.5496442946650276
0.8338102370572449
0.5067143652607488
0.14875020539386863
0.3258264025543455
0.9580580874204895
0.011405003942157266
0.08542469079907233
0.4817008458410289
0.03842761603837752
0.0650416888688159
0.5699301318910209
0.16511467167551352
0.05221950740677539
0.9704656139027856
0.5325792418108178
0.7791742333040826
0.5769087195229371
0.563410157845755
0.23914738088268672
0.3972047083756103
0.8446067445726091
0.04182850377569758
0.6364616295439631
0.4448079787866498
0.6138313552643275
0.9196347751639529
0.25994122607736914
0.983033871998382
0.008272378520471135
0.025299316033358443
0.6774857414491167
0.35734357953121676
0.19196916623661475
0.537027749344306
0.4294575537089136
0.93895846386342
0.2512912071453416
0.1487929972172205
0.6911082900658001
0.17835117363031994
0.9363406352931972
0.5952776311683701
0.4316489952547544
0.21505040954958143
0.9778712441265038
0.9288237055821588
0.6732664778909606
0.8435941211533486
0.5405458866074067
0.13777631838832194
0.5637391863289603
0.722381079201084
0.999330178739106
0.9231453754439585
0.36790787352093113
0.3303333839444079
0.6330471635196921
0.7093001661529191
0.15610749796734325
0.3256979592398519
0.01759412569651575
0.25444972170306623
0.9217689589054553
0.6419781122414586
0.8710495366935843
0.5479511614708653
0.09575024752047612
0.8679007121568418
0.8538742149599294
0.03402739885950268
0.9415583791440125
0.20148874568410846
0.3596378339638032
0.5852646751012504
0.1134751600549776
0.5427227177455324
0.6451780354907857
0.06429892662879422
0.7387012429043487
0.0949387164853055
0.7438263681304489
0.7583900695674399
0.7449845584876872
0.18202471440669554
0.48131153503650925
0.44912131254065835
0.7968006762568033
0.856641188994179
0.5711772380157999
0.38825014769285826
0.12600435882689398
0.2741060005882826
0.20502803974784822
0.990777035784364
0.7469730152572406
0.7372469010735357
0.7726439653021738
0.6275859513230395
0.0316144456027887
0.7794405525970199
0.34798033099445536
0.502551225824956
0.3862126240053382
0.6462194446617121
0.3592963393249239
0.23279300639110012
0.8199370940793701
0.06024319847058446
0.4251324506275572
0.41580358829555286
0.5239428948743953
0.21009435641608998
0.6825829715687034
0.16345544203462126
0.19033955822236037
0.4902728986731476
0.0602869857918491
0.3104411277567465
0.6919094697934771
0.6379280056306922
0.8557875139974592
0.7634839830635438
0.9163070067276186
0.5612790407129591
0.6653844970848773
0.2476980335637986
0.0025719934088989094
0.335342776985035
0.1843352292308017
0.5277641615306816
0.9631420974479641
0.5524968969245091
0.6462309380235943
0.03412893489485158
0.6911506381715411
0.4585746470753608
0.702605680432696
0.7082212905968371
0.6506476481943795
0.0795989795283839
0.35730996058434705
0.7957218539279505
0.12648376433106456
0.8499294362185938
0.16490816186989798
0.2632078535381296
0.7709481354559585
0.08950779401084286
0.2783354108836008
0.49103686205441377
0.32585263450855106
0.04605403564581556
0.08827586897407724
0.9041201416601641
0.821606978203472
0.11747700060771449
0.1352013195475925
0.24227710339247732
0.2589300152152151
0.300428884125023
0.694735317106342
0.24315002493464888
0.7641951818587223
0.872846715902637
0.9379846833876323
0.6131980191253977
0.47600820500910235
0.811487688656163
0.8507068662970776
0.29607829424232013
0.9684680984288834
0.4698794502341792
0.15865799275196268
0.21276122086109928
0.8456632844045188
0.5977710283566545
0.3511931964359387
0.8440156751046152
0.25230618336180255
0.8700828376049641
0.5211674195690817
0.2534393159241296
0.437011745624293
0.7115199181367764
0.14641122510645932
0.4079980188431813
0.17757628905462253
0.3524253632146841
0.1265328530436376
0.9430778571055258
0.8317153361847206
0.7321153528849463
0.35852443919998955
0.840341450674696
0.012069576737376408
0.07785158058625896
